Area, AMOEBA, Value
1, 34, 61
2, 0, 8
3, 0, 15
4, -6, 5
5, -1, 4
6, -1, 0
7, -1, 15
8, -1, 4
9, -19, 3
10, -6, 4
11, -6, 2
12, -6, 2
13, 2, 52
14, 2, 43
15, -1, 4
16, -1, 2
17, -1, 1
18, -1, 2
19, -1, 11
20, -1, 8
21, 0, 24
22, 0, 64
23, -1, 1
24, -1, 5
25, 5, 48
26, 41, 42
27, -1, 8
28, -1, 5
29, -1, 9
30, -1, 13
31, -1, 2
32, 5, 91
33, 5, 46
34, 41, 63
35, 0, 13
36, 0, 11
37, -1, 0
38, -1, 2
39, -1, 2
40, -6, 5
41, 0, 29
42, 0, 17
43, 2, 41
44, -1, 3
45, -1, 3
46, 5, 71
47, 5, 90
48, 8, 45
49, 0, 22
50, 2, 54
51, 2, 48
52, -19, 1
53, 0, 22
54, 0, 26
55, 0, 27
56, 0, 8
57, 2, 68
58, 2, 74
59, -1, 10
60, 8, 51
61, -1, 9
62, -1, 7
63, -1, 3
64, -1, 2
65, -1, 1
66, -1, 8
67, -1, 6
68, -1, 2
69, -1, 0
70, 1, 66
71, 1, 49
72, -19, 7
73, -19, 9
74, 0, 18
75, -1, 9
76, 5, 55
77, 0, 37
78, 2, 96
79, -1, 5
80, -1, 13
81, -1, 5
82, -1, 4
83, -1, 6
84, -1, 4
85, -1, 1
86, -1, 4
87, -1, 3
88, -1, 1
89, 1, 50
90, 0, 34
91, 0, 16
92, -19, 4
93, -19, 9
94, 0, 20
95, 0, 32
96, 8, 45
97, 8, 45
98, 5, 78
99, 5, 66
100, 5, 147
101, -1, 3
102, -1, 6
103, -1, 0
104, -1, 5
105, -1, 1
106, -1, 4
107, -1, 2
108, -19, 7
109, 0, 17
110, 0, 20
111, 2, 40
112, 0, 32
113, 2, 102
114, 0, 23
115, 0, 38
116, -1, 3
117, 0, 31
118, -1, 3
119, 0, 33
120, 0, 16
121, 0, 17
122, -1, 5
123, -1, 7
124, -1, 2
125, -1, 5
126, -1, 1
127, -1, 4
128, 2, 81
129, 2, 78
130, 2, 36
131, 0, 27
132, 0, 15
133, -19, 4
134, -1, 3
135, 0, 28
136, -6, 5
137, 0, 37
138, 0, 38
139, 0, 8
140, -1, 9
141, -1, 1
142, -1, 10
143, -1, 15
144, -1, 7
145, -1, 10
146, -1, 11
147, -1, 11
148, -1, 2
149, -1, 3
150, -1, 6
151, -1, 1
152, 0, 33
153, -1, 6
154, -1, 7
155, -1, 0
156, 2, 37
157, 0, 22
158, -19, 5
159, -6, 0
160, -6, 9
161, 0, 16
162, 2, 44
163, -1, 2
164, -1, 2
165, -1, 0
166, -1, 7
167, 0, 17
168, -1, 0
169, 2, 55
170, 0, 21
171, -1, 8
172, -1, 4
173, 0, 20
174, -1, 0
175, 0, 3
176, 2, 51
177, 1, 61
178, 2, 67
179, 0, 23
180, -1, 9
181, -1, 5
182, -1, 0
183, -1, 4
184, -1, 1
185, -1, 2
186, -1, 4
187, -1, 2
188, -1, 3
189, -1, 3
190, -1, 0
191, -1, 4
192, -1, 2
193, -1, 3
194, -1, 11
195, -1, 8
196, -1, 9
197, -1, 11
198, -1, 7
199, -1, 5
200, -1, 4
201, -1, 8
202, 0, 23
203, -1, 13
204, 0, 38
205, -1, 6
206, 0, 17
207, -1, 0
208, -1, 2
209, -1, 5
210, 0, 21
211, -1, 5
212, -1, 10
213, -1, 4
214, -1, 4
215, -1, 7
216, -1, 7
217, -1, 2
218, -1, 4
219, 0, 20
220, 0, 36
221, 0, 23
222, 0, 16
223, 5, 51
224, -1, 3
225, -1, 2
226, -1, 1
227, -1, 1
228, -1, 6
229, -1, 1
230, 0, 23
231, 2, 52
232, 0, 15
233, 0, 6
234, 2, 44
235, 0, 24
236, 0, 21
237, 16, 52
238, 5, 35
239, 0, 10
240, 0, 24
241, -1, 4
242, -1, 1
243, 5, 61
244, 0, 18
245, 0, 16
246, 0, 33
247, -13, 0
248, -13, 0
249, 2, 41
250, -6, 2
251, 0, 12
252, 2, 45
253, 2, 87
254, -38, 11
255, -1, 2
256, -1, 4
257, -1, 0
258, -1, 1
259, -1, 4
260, -1, 5
261, -1, 0
262, -1, 13
263, -1, 5
264, -1, 8
265, -1, 1
266, -1, 1
267, 5, 109
268, 5, 58
269, -38, 8
270, 0, 14
271, 0, 16
272, 0, 21
273, 0, 25
274, 2, 40
275, 0, 26
276, -1, 3
277, -1, 4
278, -1, 7
279, -1, 8
280, -1, 3
281, -1, 1
282, -1, 4
283, -1, 4
284, -1, 7
285, 5, 51
286, 0, 36
287, -1, 0
288, -6, 0
289, 0, 23
290, -19, 0
291, 2, 45
292, 2, 56
293, 2, 54
294, 0, 21
295, 0, 33
296, 0, 25
297, 0, 12
298, 2, 40
299, 5, 78
300, 0, 29
301, 0, 23
302, 0, 31
303, 0, 13
304, 0, 22
305, 0, 16
306, 0, 27
307, 0, 16
308, 2, 55
309, 2, 45
310, 0, 19
311, 2, 57
312, 0, 16
313, 0, 89
314, 2, 49
315, 2, 61
316, 2, 40
317, 2, 73
318, -1, 0
319, -19, 5
320, -19, 1
321, -19, 0
322, -19, 0
323, -19, 2
324, -19, 0
325, -19, 5
326, -1, 5
327, -1, 1
328, -1, 1
329, -24, 0
330, 0, 13
331, 0, 5
332, 0, 29
333, 2, 40
334, -1, 0
335, -1, 0
336, 0, 2
337, 0, 32
338, 0, 28
339, 0, 12
340, 16, 34
341, 2, 47
342, -1, 0
343, -1, 0
344, -1, 0
345, 2, 57
346, 2, 79
347, 0, 19
348, -19, 6
349, 0, 20
350, 0, 29
351, 0, 24
352, 0, 15
353, 0, 26
354, 0, 3
355, 0, 32
356, -1, 0
357, -1, 0
358, 0, 13
359, 0, 31
360, -19, 6
361, -19, 9
362, -19, 7
363, -19, 9
364, -1, 0
365, -1, 0
366, 0, 20
367, -19, 0
368, -19, 0
369, -19, 0
370, -19, 0
371, 0, 13
372, -38, 10
373, -38, 5
374, -38, 11
375, 0, 19
376, 0, 13
377, -38, 2
378, -38, 0
379, -38, 8
380, 0, 16
381, 0, 44
382, 0, 13
383, 0, 17
384, 0, 21
385, 0, 26
386, 0, 18
387, 0, 23
388, -19, 2
389, -19, 0
390, 0, 17
391, -19, 1
392, -19, 1
393, -19, 0
394, 0, 33
395, 0, 14
396, 0, 7
397, 0, 31
398, 2, 44
399, 2, 37
400, -38, 9
401, -38, 4
402, -38, 4
403, 2, 70
404, 2, 46
405, 0, 24
406, -19, 0
407, -19, 1
408, -19, 2
409, -19, 1
410, -19, 3
411, -19, 9
412, -19, 8
413, 1, 45
414, -19, 0
415, -19, 0
416, -19, 0
417, -1, 4
418, 0, 25
419, -38, 2
420, -38, 10
421, -38, 4
422, -38, 5
423, -38, 1
424, -38, 0
425, 2, 40
426, 2, 62
427, 0, 10
428, -19, 0
429, 0, 18
430, -38, 3
431, -38, 9
432, 2, 103
433, 0, 31
434, 0, 28
435, 0, 12
436, 0, 2
437, 0, 21
438, 0, 30
439, -1, 0
440, -1, 0
441, -19, 7
442, -19, 8
443, 0, 22
444, -13, 3
445, -19, 0
446, -1, 0
447, -19, 0
448, -19, 0
449, 5, 85
450, 5, 77
451, 0, 15
452, 0, 13
453, 0, 31
454, 0, 25
455, 0, 43
456, 8, 44
457, -1, 14
458, 0, 17
459, 0, 19
460, 5, 45
461, 0, 17
462, 0, 33
463, 0, 20
464, 0, 6
465, 0, 17
466, 0, 20
467, 0, 13
468, 0, 3
469, 0, 4
470, -19, 10
471, 0, 58
472, 0, 33
473, 0, 26
474, 2, 78
475, 2, 44
476, 0, 26
477, 0, 27
478, 0, 33
479, 34, 37
480, 1, 41
481, 1, 89
482, 0, 28
483, 1, 78
484, 0, 34
485, 0, 18
486, 1, 49
487, -19, 2
488, 0, 31
489, 0, 18
490, 0, 25
491, -19, 10
492, 2, 49
493, 0, 13
494, 0, 20
495, 0, 34
496, 0, 7
497, 0, 41
498, 5, 51
499, -1, 1
500, 0, 3
501, 0, 9
502, 0, 6
503, 0, 5
504, 0, 21
505, 0, 31
506, 1, 42
507, 0, 11
508, 0, 31
509, 0, 1
510, 0, 25
511, -19, 8
512, -19, 1
513, -19, 3
514, -19, 3
515, -19, 2
516, -1, 13
517, -1, 3
518, -1, 1
519, -1, 0
520, -1, 0
521, -1, 1
522, -1, 3
523, 0, 30
524, 0, 35
525, 0, 11
526, 0, 14
527, 34, 36
528, -1, 14
529, 0, 35
530, 0, 23
531, 0, 28
532, 0, 13
533, 0, 27
534, -1, 7
535, -1, 2
536, -1, 10
537, -1, 5
538, 0, 38
539, -38, 3
540, -1, 2
541, -1, 1
542, -1, 3
543, -1, 1
544, -1, 5
545, -1, 0
546, 0, 30
547, -1, 1
548, -1, 2
549, -24, 0
550, -1, 0
551, -1, 3
552, -1, 1
553, -1, 3
554, -1, 1
555, -1, 3
556, -6, 3
557, -1, 0
558, 2, 52
559, -1, 1
560, -1, 6
561, -1, 1
562, -1, 3
563, -1, 2
564, -1, 0
565, -1, 2
566, -1, 11
567, 0, 24
568, -1, 1
569, -1, 0
570, -1, 0
571, 0, 27
572, -1, 0
573, 0, 22
574, -19, 0
575, 0, 39
576, 0, 34
577, -1, 0
578, -1, 0
579, -1, 4
580, -1, 6
581, -1, 2
582, -1, 11
583, -1, 9
584, -1, 2
585, -1, 3
586, -1, 2
587, -1, 1
588, -1, 1
589, -1, 0
590, -1, 2
591, 0, 19
592, 0, 29
593, 5, 72
594, 5, 78
595, 5, 92
596, 5, 128
597, -1, 1
598, -1, 0
599, -1, 1
600, -1, 0
601, -1, 0
602, -1, 0
603, -1, 4
604, -1, 3
605, -1, 5
606, -1, 11
607, -1, 1
608, -1, 1
609, -1, 2
610, 5, 61
611, 5, 68
612, 0, 24
613, 5, 119
614, 5, 59
615, 5, 56
616, -1, 3
617, -1, 7
618, -1, 7
619, 0, 16
620, 0, 41
621, 0, 42
622, 1, 77
623, -1, 0
624, -19, 0
625, 0, 0
626, -38, 3
627, -1, 10
628, -1, 9
629, -1, 7
630, -1, 10
631, -1, 1
632, -1, 6
633, -1, 5
634, -1, 4
635, -1, 6
636, -1, 5
637, -1, 4
638, -1, 9
639, -1, 4
640, 0, 6
641, -1, 0
642, 0, 34
643, 0, 8
644, 0, 8
645, 0, 27
646, -1, 0
647, 0, 21
648, 0, 21
649, -1, 14
650, 0, 44
651, -1, 6
652, -1, 4
653, -1, 1
654, -1, 6
655, -1, 2
656, 0, 18
657, -1, 2
658, 0, 25
659, -19, 0
660, -19, 0
661, -24, 5
662, -19, 0
663, -19, 0
664, 0, 7
665, -19, 0
666, 0, 9
667, 0, 37
668, -1, 3
669, -1, 3
670, -1, 2
671, -19, 0
672, 5, 49
673, -1, 1
674, -1, 1
675, -1, 3
676, 0, 8
677, 0, 29
678, 0, 16
679, -1, 0
680, 0, 31
681, 0, 27
682, -1, 1
683, -1, 1
684, -1, 2
685, -1, 4
686, -1, 4
687, -1, 2
688, -1, 0
689, -24, 0
690, 0, 31
691, 0, 2
692, -1, 0
693, -1, 3
694, -1, 1
695, -1, 2
696, -1, 1
697, 0, 25
698, -1, 1
699, -1, 0
700, -1, 0
701, -1, 0
702, -1, 1
703, -1, 10
704, -1, 0
705, -1, 6
706, -1, 2
707, -1, 2
708, -1, 0
709, -1, 1
710, -1, 0
711, -1, 6
712, -1, 9
713, -1, 5
714, -1, 4
715, -1, 7
716, -1, 1
717, -1, 4
718, -1, 0
719, -1, 0
720, -1, 0
721, -1, 3
722, -1, 1
723, -1, 2
724, -1, 0
725, -1, 3
726, -1, 4
727, -1, 2
728, -1, 15
729, 5, 129
730, 0, 27
731, -1, 1
732, -1, 1
733, -1, 1
734, -1, 1
735, -1, 4
736, 5, 131
737, -1, 0
738, -1, 0
739, -1, 2
740, -1, 0
741, -1, 4
742, -1, 0
743, -1, 5
744, -1, 3
745, -1, 2
746, -1, 1
747, -1, 1
748, -1, 1
749, -1, 2
750, -1, 1
751, -1, 3
752, 0, 25
753, 0, 20
754, 0, 33
755, 0, 8
756, 0, 14
757, -1, 2
758, 0, 12
759, 0, 14
760, 0, 23
761, -19, 2
762, -1, 6
763, -1, 3
764, -1, 12
765, -19, 8
766, 0, 11
767, 0, 21
768, 0, 11
769, -19, 7
770, 2, 74
771, 0, 28
772, 2, 63
773, 2, 66
774, 0, 17
775, -6, 9
776, 0, 19
777, 0, 11
778, 0, 14
779, 0, 13
780, 0, 20
781, 2, 54
782, 2, 47
783, 2, 44
784, 0, 33
785, 2, 51
786, 2, 53
787, 0, 27
788, -19, 8
789, 0, 10
790, 0, 5
791, 0, 14
792, -6, 3
793, 0, 18
794, 0, 20
795, 2, 36
796, 2, 53
797, 2, 53
798, 2, 38
799, 0, 23
800, 0, 15
801, 2, 69
802, 2, 67
803, 2, 58
804, 0, 27
805, 2, 50
806, -6, 0
807, -6, 2
808, 2, 39
809, 2, 47
810, 0, 18
811, -1, 0
812, -1, 9
813, -1, 6
814, -1, 2
815, -1, 0
816, -1, 1
817, -1, 1
818, -1, 3
819, 1, 61
820, -19, 6
821, -1, 0
822, -1, 3
823, -1, 0
824, -19, 0
825, -1, 4
826, -1, 0
827, -13, 1
828, -19, 0
829, -19, 0
830, -19, 0
831, -1, 7
832, -1, 3
833, -1, 1
834, -24, 0
835, 0, 34
836, -6, 0
837, 0, 28
838, -1, 0
839, -1, 7
840, -19, 6
841, 2, 40
842, 0, 15
843, -1, 4
844, -1, 0