Area, AMOEBA, Value
1, 0, 36.8
2, 0, 37.5
3, 1, 43.8
4, 1, 45.2
5, 1, 43.7
6, 1, 41.5
7, 1, 43.2
8, -1, 26.2
9, -1, 29.4
10, -1, 28.3
11, -1, 28.4
12, -1, 29.9
13, -2, 24.8
14, -2, 24.7
15, 0, 39.3
16, 239, 42.8
17, -66, 34.5
18, -66, 31.1
19, -66, 34.7
20, 0, 32.6
21, 0, 37.6
22, 258, 37.9
23, 258, 39.5
24, 0, 35.9
25, 0, 36.1
26, 1, 45.9
27, 0, 36.0
28, 0, 36.8
29, -11, 33.1
30, 0, 35.7
31, 0, 34.8
32, -148, 32.8
33, 0, 34.6
34, -11, 32.8
35, 1, 40.6
36, 1, 42.1
37, 92, 40.9
38, 0, 40.4
39, 92, 39.9
40, 92, 40.6
41, 0, 32.1
42, 258, 41.3
43, 0, 36.4
44, 1, 42.7
45, 1, 44.7
46, 1, 39.8
47, 1, 43.3
48, 1, 45.9
49, 1, 44.7
50, 1, 49.6
51, -7, 31.8
52, 0, 36.7
53, -22, 33.2
54, 0, 34.8
55, 0, 31.7
56, 0, 37.6
57, -7, 30.8
58, -7, 33.0
59, -7, 27.0
60, 0, 35.6
61, 0, 30.8
62, 0, 38.7
63, 0, 32.0
64, 0, 40.8
65, 0, 37.1
66, 0, 35.1
67, 258, 38.0
68, 1, 39.6
69, 1, 49.3
70, 92, 41.3
71, -11, 31.3
72, 0, 36.1
73, 258, 41.2
74, 258, 38.5
75, 0, 36.3
76, 0, 34.7
77, 0, 37.4
78, -7, 26.9
79, -122, 32.1
80, -44, 33.9
81, -44, 33.1
82, 0, 33.2
83, 0, 36.8
84, 258, 40.3
85, 0, 37.4
86, 0, 34.3
87, 1, 41.2
88, -122, 34.7
89, 1, 42.7
90, 1, 45.4
91, 1, 40.3
92, -1, 31.7
93, 0, 38.3
94, 0, 34.3
95, 0, 36.6
96, 0, 35.3
97, 0, 37.0
98, -44, 31.2
99, 0, 32.6
100, 0, 36.0
101, 0, 37.8
102, 0, 33.3
103, 258, 38.0
104, 258, 39.1
105, 12, 44.0
106, 12, 47.6
107, 12, 47.6
108, 12, 41.5
109, 0, 36.7
110, 12, 45.2
111, 12, 42.1
112, 258, 39.6
113, 188, 42.8
114, 1, 39.9
115, 1, 39.9
116, 1, 41.1
117, 0, 39.0
118, 0, 34.4
119, 0, 44.0
120, 0, 33.8
121, 0, 41.8
122, 258, 39.0
123, -22, 28.6
124, 44, 43.1
125, 0, 33.6
126, 0, 33.7
127, 1, 44.3
128, 1, 41.8
129, 1, 41.3
130, 0, 34.8
131, 258, 38.5
132, 0, 35.2
133, 258, 40.3
134, 258, 39.5
135, 258, 40.1
136, 258, 39.1
137, 92, 41.3
138, -11, 33.2
139, -11, 22.2
140, -1, 29.9
141, 258, 38.0
142, 1, 41.5
143, 258, 38.7
144, -1, 31.5
145, -1, 28.7
146, 0, 34.5
147, -1, 29.4
148, -1, 30.7
149, -1, 32.6
150, -2, 20.9
151, -2, 25.7
152, -2, 24.9
153, -2, 29.0
154, -2, 24.8
155, -2, 28.7
156, -2, 27.4
157, -7, 30.9
158, 258, 39.8
159, 0, 33.0
160, 0, 37.3
161, 0, 36.9
162, -129, 33.5
163, 258, 41.5
164, 1, 46.1
165, 258, 39.1
166, 1, 40.7
167, 1, 42.0
168, 1, 43.0
169, 1, 44.6
170, -11, 33.5
171, 0, 35.7
172, 0, 37.7
173, 258, 38.5
174, 1, 39.8
175, 0, 36.9
176, 258, 38.3
177, 92, 40.6
178, 92, 39.7
179, 0, 35.4
180, 92, 39.8
181, 92, 40.8
182, 1, 40.3
183, 1, 41.0
184, 1, 42.4
185, 1, 42.7
186, 258, 38.4
187, 1, 44.7
188, 258, 37.9
189, 1, 40.9
190, 1, 42.7
191, 1, 45.0
192, -7, 30.7
193, 0, 36.9
194, 258, 39.8
195, 92, 42.1
196, 0, 36.9
197, 0, 37.8
198, 92, 39.9
199, 1, 39.8
200, 1, 51.0
201, 0, 36.2
202, 258, 38.9
203, -11, 32.7
204, -11, 23.7
205, -11, 33.7
206, 0, 35.3
207, -11, 32.0
208, -11, 32.9
209, 258, 38.9
210, -7, 25.9
211, 0, 37.0
212, -7, 32.2
213, 0, 32.4
214, 0, 35.3
215, 1, 39.8
216, 1, 39.6
217, 258, 39.4
218, -44, 32.3
219, 258, 40.5
220, -44, 35.2
221, 258, 38.5
222, -44, 32.4
223, 1, 42.7
224, 1, 42.8
225, 0, 36.9
226, 1, 43.2
227, 1, 45.4
228, -1, 27.0
229, 0, 39.4
230, 0, 34.7
231, 0, 33.0
232, 0, 35.3
233, -282, 32.0
234, -282, 31.4
235, 0, 36.8
236, 1, 40.9
237, 258, 39.0
238, 0, 36.5
239, 1, 47.2
240, -234, 33.3
241, -234, 34.6
242, 92, 39.9
243, 0, 34.2
244, 0, 37.5
245, 258, 39.1
246, 0, 37.7
247, 258, 38.3
248, 0, 37.4
249, 258, 41.4
250, 258, 39.5
251, 0, 33.1
252, 0, 37.5
253, 1, 42.2
254, 258, 39.5
255, 0, 37.4
256, 258, 41.7
257, 0, 37.6
258, 258, 38.6
259, 0, 37.6
260, 1, 39.9
261, 1, 40.2
262, 258, 38.9
263, 0, 37.1
264, 258, 39.0
265, 1, 40.4
266, 0, 34.4
267, -11, 25.8
268, -11, 33.0
269, 0, 36.3
270, 0, 35.1
271, 258, 38.1
272, 0, 37.8
273, 44, 40.7
274, -269, 35.8
275, -269, 35.2
276, -269, 35.6
277, 258, 38.9
278, 0, 36.8
279, 0, 33.8
280, 0, 40.6
281, -11, 32.2
282, 0, 37.8
283, 1, 46.0
284, 1, 40.5
285, 1, 40.8
286, 92, 39.6
287, 0, 35.8
288, 258, 39.0
289, 0, 35.9
290, -7, 32.4
291, 0, 37.6
292, 0, 38.6
293, -22, 25.1
294, 258, 38.5
295, -66, 31.4
296, -66, 32.9
297, 0, 31.1
298, 0, 31.1
299, 239, 43.6
300, 0, 33.1
301, 0, 36.5
302, 258, 42.2
303, 1, 41.7
304, 1, 42.4
305, 258, 38.6
306, -11, 32.9
307, 0, 35.5
308, 0, 35.7
309, -85, 27.0
310, 0, 42.3
311, 0, 35.9
312, 0, 39.1
313, 1, 41.2
314, 1, 44.6
315, 1, 51.3
316, 1, 45.2
317, 0, 35.9
318, 0, 34.2
319, 0, 35.6
320, 0, 37.4
321, 258, 38.1
322, -1, 25.4
323, -1, 34.0
324, -1, 23.5
325, -1, 21.4
326, -1, 24.8
327, -2, 30.3
328, -2, 31.2
329, -2, 21.1
330, -2, 24.4
331, 0, 35.9
332, -122, 31.6
333, 1, 41.1
334, -122, 30.9
335, -122, 32.4
336, -44, 34.1
337, 0, 36.6
338, 258, 38.3
339, -44, 33.9
340, -44, 31.3
341, 0, 36.0
342, 1, 43.1
343, 0, 34.1
344, 258, 38.5
345, 0, 35.5
346, 1, 44.7
347, 258, 38.3
348, 1, 45.1
349, -1, 30.3
350, -1, 32.5
351, -1, 28.9
352, 0, 38.4
353, -1, 33.2
354, -1, 31.8
355, 258, 39.2
356, -7, 30.4
357, 0, 34.6
358, -7, 33.9
359, -7, 29.5
360, -7, 32.4
361, 0, 27.9
362, 258, 38.5
363, 1, 46.0
364, -122, 33.9
365, 258, 41.3
366, 0, 37.5
367, 1, 41.1
368, 258, 38.2
369, 0, 36.1
370, -44, 33.4
371, 258, 38.7
372, 258, 39.8
373, 258, 39.0
374, 1, 40.9
375, 0, 35.2
376, 0, 35.9
377, 0, 37.3
378, 0, 34.5
379, -11, 33.1
380, 1, 42.9
381, 0, 37.2
382, -85, 32.7
383, -85, 34.4
384, 0, 38.9
385, -11, 32.8
386, 1, 42.8
387, 0, 37.6
388, 0, 37.4
389, -148, 31.9
390, 0, 36.4
391, 0, 36.5
392, 258, 38.1
393, 1, 40.3
394, 258, 39.4
395, 258, 39.2
396, 258, 38.5
397, 0, 37.5
398, 0, 34.6
399, 1, 39.7
400, 1, 42.6
401, 1, 40.3
402, 1, 47.7
403, 1, 41.2
404, 1, 40.9
405, 1, 48.5
406, 0, 37.3
407, 1, 44.2
408, 1, 46.3
409, 1, 44.1
410, 1, 42.3
411, 258, 38.1
412, 1, 42.0
413, 1, 44.4
414, 1, 51.3
415, 258, 39.5
416, 1, 41.0
417, 1, 40.3
418, -7, 33.5
419, 1, 40.3
420, 1, 44.4
421, 0, 37.3
422, 0, 35.2
423, 0, 43.6
424, -22, 31.2
425, 0, 32.7
426, 0, 38.9
427, 0, 28.6
428, -7, 22.1
429, 0, 37.3
430, 0, 35.9
431, 0, 34.8
432, 92, 41.1
433, 0, 36.7
434, 258, 38.3
435, 258, 38.8
436, 258, 42.2
437, 258, 37.9
438, 1, 43.6
439, 1, 44.6
440, 1, 44.1
441, 1, 41.8
442, 1, 51.2
443, 1, 47.0
444, 1, 50.1
445, 1, 41.7
446, 1, 40.7
447, 0, 33.4
448, 92, 40.7
449, 1, 41.2
450, 0, 35.1
451, 0, 41.4
452, -11, 32.7
453, 0, 39.4
454, 0, 41.4
455, 0, 40.6
456, 0, 35.7
457, 92, 40.2
458, -1, 33.4
459, -7, 31.7
460, -7, 32.9
461, -7, 31.7
462, -7, 26.9
463, -7, 32.8
464, 0, 38.1
465, -2, 29.0
466, -7, 29.8
467, -7, 26.9
468, 0, 34.8
469, 0, 36.7
470, 1, 41.3
471, 1, 43.7
472, 0, 37.1
473, 258, 39.2
474, 1, 42.5
475, 1, 42.7
476, 1, 43.9
477, 258, 39.2
478, 1, 43.9
479, 1, 46.8
480, 1, 43.4
481, 1, 39.9
482, 1, 41.1
483, 1, 41.9
484, -11, 32.8
485, -11, 31.2
486, 1, 39.7
487, 1, 43.0
488, 1, 41.7
489, 0, 36.1
490, 92, 41.0
491, 92, 41.5
492, 92, 42.0
493, 92, 41.1
494, 0, 35.3
495, 92, 41.5
496, 0, 35.2
497, 0, 34.4
498, 1, 42.2
499, 258, 38.0
500, 258, 38.7
501, 1, 41.1
502, 0, 36.4
503, 258, 39.5
504, 1, 41.4
505, 1, 42.8
506, 1, 40.7
507, 1, 40.6
508, 258, 38.8
509, 1, 39.9
510, 1, 40.2
511, 258, 38.4
512, 1, 41.5
513, 258, 38.2
514, 1, 44.8
515, 1, 39.7
516, 1, 42.2
517, 1, 39.9
518, 1, 46.3
519, 1, 44.7
520, 1, 45.1
521, 1, 43.4
522, 1, 46.4
523, 258, 38.8
524, 1, 44.7
525, 258, 39.1
526, 0, 35.8
527, 258, 38.9
528, 1, 40.9
529, -22, 33.1
530, 258, 41.7
531, 258, 38.8
532, 258, 40.6
533, 44, 43.9
534, -22, 27.0
535, 0, 25.9
536, 0, 31.4
537, -1, 32.6
538, 0, 37.7
539, 0, 35.8
540, -11, 31.2
541, 0, 36.1
542, 1, 45.6
543, 1, 41.1
544, 1, 40.8
545, 0, 37.1
546, 258, 38.1
547, 1, 41.7
548, 0, 35.8
549, 1, 41.1
550, 258, 39.1
551, 0, 36.5
552, 0, 38.0
553, -234, 31.6
554, 0, 35.5
555, 1, 40.8
556, 1, 42.5
557, 1, 40.4
558, 1, 41.5
559, 1, 40.4
560, -1, 33.9
561, -1, 29.1
562, -1, 27.3
563, -1, 32.0
564, -1, 28.5
565, -1, 32.2
566, -1, 29.1
567, -2, 25.7
568, -2, 18.6
569, -2, 22.6
570, -2, 25.9
571, 258, 38.3
572, 0, 36.2
573, -66, 31.0
574, 1, 43.6
575, 1, 40.8
576, 258, 42.5
577, 258, 39.3
578, -129, 30.0
579, 258, 38.7
580, 0, 37.5
581, 1, 44.0
582, 1, 39.8
583, 0, 36.6
584, 1, 47.1
585, 0, 33.9
586, 1, 45.6
587, 1, 42.4
588, 1, 41.4
589, 258, 42.9
590, 1, 49.1
591, 258, 38.4
592, 0, 35.0
593, 0, 35.9
594, 0, 35.5
595, 92, 39.7
596, 0, 40.8
597, 0, 36.5
598, 258, 40.4
599, 0, 33.8
600, 0, 37.4
601, 1, 39.6
602, 1, 41.3
603, 1, 39.8
604, 0, 36.3
605, 258, 41.7
606, 1, 39.7
607, 1, 41.3
608, 258, 41.5
609, 258, 38.8
610, 258, 38.0
611, -147, 29.4
612, 0, 35.4
613, 258, 39.4
614, 1, 39.7
615, 188, 40.8
616, 188, 40.3
617, 1, 42.8
618, 0, 37.6
619, 0, 36.3
620, 0, 36.4
621, 258, 39.1
622, 0, 35.9
623, 0, 34.9
624, 258, 38.2
625, 258, 39.0
626, 258, 38.4
627, 258, 39.1
628, 258, 38.1
629, 0, 37.5
630, 0, 34.2
631, 12, 45.0
632, 258, 39.6
633, -11, 32.8
634, 0, 34.4
635, 0, 38.3
636, 258, 38.4
637, 258, 39.0
638, 0, 30.5
639, 1, 46.3
640, 1, 45.8
641, 1, 40.4
642, 0, 36.3
643, 1, 53.0
644, 1, 45.1
645, 1, 41.7
646, 0, 33.5
647, 258, 39.0
648, 92, 40.0
649, -11, 29.8
650, 0, 31.9
651, 258, 42.3
652, 92, 41.7
653, 92, 39.8
654, 258, 38.7
655, -1, 33.6
656, -1, 33.8
657, -7, 26.9
658, -12, 31.1
659, -85, 33.7
660, 0, 35.5
661, 0, 34.4
662, 0, 37.5
663, -44, 32.0
664, 0, 36.2
665, 0, 35.6
666, -44, 32.1
667, 44, 42.1
668, -44, 31.5
669, -44, 26.2
670, 258, 38.5
671, 0, 37.0
672, 0, 36.4
673, 258, 42.1
674, 0, 37.2
675, 1, 44.0
676, 1, 40.7
677, 1, 42.6
678, 258, 37.9
679, 1, 42.3
680, 1, 43.6
681, -1, 29.0
682, 0, 35.6
683, 1, 43.3
684, -7, 31.2
685, 0, 34.3
686, 0, 37.7
687, 1, 44.6
688, 1, 41.8
689, 258, 38.4
690, 1, 40.6
691, 1, 40.6
692, 1, 40.5
693, 1, 46.4
694, -7, 29.5
695, 0, 33.9
696, 258, 42.3
697, -7, 30.2
698, -7, 25.8
699, 0, 31.2
700, 0, 34.3
701, 0, 31.4
702, 0, 36.7
703, 258, 39.3
704, 1, 43.6
705, 92, 39.6
706, 0, 37.3
707, -11, 29.0
708, 92, 42.3
709, 0, 36.8
710, -7, 29.3
711, -7, 30.7
712, 0, 38.8
713, -7, 21.2
714, -7, 24.7
715, 0, 36.5
716, 0, 36.0
717, 0, 36.0
718, -44, 31.5
719, 44, 43.4
720, -44, 34.1
721, 0, 37.7
722, 1, 42.2
723, 0, 37.8
724, 1, 43.7
725, 0, 36.9
726, -7, 27.6
727, 1, 44.8
728, -44, 31.6
729, 1, 40.4
730, 1, 40.0
731, 258, 40.3
732, 12, 43.3
733, 258, 39.3
734, 258, 41.2
735, 188, 44.2
736, -2, 30.9
737, 0, 35.0
738, -7, 32.7
739, 1, 40.7
740, 1, 41.7
741, 1, 44.6
742, 0, 34.5
743, 0, 38.6
744, -148, 29.4
745, 0, 35.5
746, 0, 37.2
747, 0, 34.7
748, 0, 35.0
749, 1, 44.5
750, 1, 41.2
751, 1, 41.0
752, 1, 41.3
753, -1, 32.4
754, -2, 24.9
755, -2, 22.7
756, -2, 30.3
757, -2, 26.2
758, -2, 26.8
759, -66, 34.8
760, 258, 39.1
761, 0, 34.5
762, 0, 37.0
763, 44, 42.5
764, 258, 40.2
765, 0, 37.2
766, 44, 42.7
767, -269, 34.2
768, 44, 43.0
769, 258, 39.4
770, 258, 38.2
771, 258, 38.6
772, 258, 38.2
773, 258, 41.8
774, -22, 30.1
775, 0, 37.0
776, 258, 38.8
777, -15, 31.0
778, -15, 28.8
779, 1, 40.8
780, 258, 39.4
781, 1, 41.3
782, 258, 37.9
783, 258, 39.5
784, 1, 40.3
785, 92, 39.6
786, 0, 36.8
787, 0, 37.9
788, -234, 34.7
789, 0, 37.8
790, 1, 42.2
791, 1, 41.5
792, 1, 43.8
793, 1, 39.7
794, 0, 36.6
795, 1, 42.9
796, 0, 35.1
797, -1, 19.4
798, -1, 29.1
799, -7, 33.4
800, -66, 33.9
801, -66, 33.1
802, 1, 44.4
803, 258, 38.0
804, 0, 38.5
805, -85, 27.7
806, 1, 43.0
807, 0, 35.7
808, 258, 38.2
809, 92, 40.3
810, 1, 40.2
811, -269, 33.5
812, 44, 41.2
813, -22, 33.4
814, 1, 40.8
815, 258, 41.6
816, 1, 40.4
817, 258, 39.4
818, 1, 43.3
819, 1, 44.7
820, -11, 29.9
821, 1, 40.8
822, -66, 33.4
823, 258, 39.5
824, 1, 42.3
825, 0, 36.9
826, -11, 33.6
827, -11, 32.6
828, 1, 42.1
829, -1, 32.8
830, -1, 29.9
831, -1, 22.0
832, -1, 33.1
833, -11, 33.7
834, -2, 28.4
835, -2, 27.4
836, 0, 29.5
837, 44, 43.5
838, 1, 42.4
839, 258, 39.4
840, 258, 38.2
841, -7, 31.4
842, 0, 35.2
843, -7, 33.7
844, 0, 37.5
845, 258, 38.3
846, 258, 38.5
847, 1, 42.6
848, 258, 38.1
849, 258, 38.6
850, 0, 36.3
851, -11, 32.0
852, 44, 40.8
853, 1, 41.0
854, 1, 40.7
855, -129, 31.3
856, 1, 48.5
857, 0, 32.9
858, 0, 35.5
859, 1, 42.1
860, 1, 41.3
861, 1, 47.5
862, 0, 36.8
863, 0, 36.2
864, 0, 35.3
865, 0, 37.7
866, 258, 38.9
867, 258, 38.3
868, 1, 41.3
869, 0, 37.8
870, 0, 35.9
871, 258, 38.1
872, 258, 38.2
873, 1, 43.1
874, 1, 40.0
875, 1, 40.5
876, 1, 41.9
877, 1, 40.8
878, 1, 45.8
879, 0, 36.8
880, 1, 43.6
881, -7, 33.4
882, -7, 27.7
883, 0, 38.0
884, -91, 27.4
885, 258, 39.3
886, 1, 45.4
887, 0, 37.2
888, 0, 33.1
889, 92, 42.3
890, 258, 39.1
891, 0, 34.2
892, -234, 33.9
893, 0, 35.6
894, 0, 34.5
895, -11, 32.8
896, 258, 38.6
897, 0, 35.0
898, 0, 35.1
899, -44, 34.5
900, -122, 31.3
901, -44, 34.3
902, 0, 37.5
903, 258, 38.6
904, -44, 33.3
905, 0, 35.8
906, 1, 39.7
907, -1, 30.9
908, -1, 33.0
909, 0, 37.7
910, 0, 35.7
911, 0, 37.9
912, 0, 36.1
913, 258, 38.8
914, 258, 38.7
915, 1, 44.3
916, 1, 44.5
917, 258, 39.8
918, 258, 39.4
919, 258, 38.8
920, 258, 38.0
921, 258, 37.9
922, 1, 40.4
923, 1, 40.4
924, -147, 29.6
925, 258, 39.4
926, 258, 38.7
927, 1, 40.9
928, 1, 40.3
929, 1, 40.7
930, 258, 39.7
931, 12, 43.0
932, 1, 40.4
933, 188, 43.1
934, 258, 38.3
935, -11, 33.2
936, 0, 36.1
937, 258, 38.3
938, 1, 43.4
939, -2, 29.2
940, -2, 25.3
941, -2, 23.7
942, -66, 31.4
943, 239, 44.8
944, 1, 39.6
945, 1, 44.8
946, 0, 33.7
947, 1, 40.0
948, 0, 36.9
949, 258, 39.3
950, 258, 38.7
951, 1, 40.1
952, 1, 39.6
953, 0, 36.9
954, 0, 36.8
955, 1, 41.3
956, 258, 38.2
957, 0, 36.1
958, 258, 39.3
959, 1, 42.8
960, 0, 36.5
961, -11, 30.7
962, 258, 38.4
963, 258, 38.1
964, 0, 36.5
965, 1, 47.0
966, 1, 44.4
967, 1, 41.9
968, 1, 43.9
969, 0, 39.7
970, -11, 32.0
971, 0, 36.2
972, -1, 33.9
973, 0, 37.8
974, 0, 36.0
975, 1, 43.7
976, 1, 43.5
977, 1, 40.8
978, 0, 34.8
979, 0, 35.7
980, 0, 36.9
981, 0, 36.6
982, 44, 41.9
983, 44, 41.3
984, 0, 34.9
985, 1, 39.6
986, 1, 40.3
987, 1, 39.8
988, 258, 38.6
989, 1, 45.8
990, -1, 31.3
991, -7, 32.0
992, 0, 38.6
993, 1, 50.5
994, 1, 39.7
995, 1, 43.9
996, 0, 37.3
997, 0, 36.6
998, 1, 43.4
999, 0, 35.0
1000, 15, 49.4
1001, 1, 41.6
1002, 0, 36.4
1003, 12, 47.8
1004, 1, 41.6
1005, 92, 40.9
1006, 1, 40.6
1007, 1, 41.1
1008, 1, 40.1
1009, 1, 43.3
1010, 1, 41.4
1011, 1, 41.0
1012, 1, 40.4
1013, 0, 41.8
1014, 0, 37.3
1015, 0, 36.0
1016, 0, 38.6
1017, 258, 38.0
1018, 0, 37.2
1019, 1, 46.1
1020, 258, 38.3
1021, 258, 38.8
1022, 92, 39.8
1023, 0, 35.1
1024, 0, 36.3
1025, -7, 29.1
1026, -7, 25.8
1027, -7, 31.7
1028, 0, 35.6
1029, -7, 26.6
1030, 0, 38.5
1031, 1, 42.1
1032, 1, 43.6
1033, 1, 42.7
1034, 0, 36.5
1035, 92, 40.1
1036, 0, 31.2
1037, 258, 38.3
1038, 1, 42.5
1039, 258, 38.1
1040, 1, 41.1
1041, 258, 39.5
1042, 1, 46.6
1043, 1, 44.6
1044, 0, 34.7
1045, 0, 37.2
1046, 1, 42.3
1047, 1, 46.3
1048, 0, 36.8
1049, 0, 26.1
1050, 0, 36.5
1051, -15, 22.8
1052, -15, 32.9
1053, 258, 38.5
1054, 0, 37.2
1055, 0, 35.2
1056, -1, 33.8
1057, 0, 39.0
1058, 1, 40.9
1059, 1, 40.6
1060, 258, 41.3
1061, 1, 41.5
1062, 258, 39.1
1063, 0, 36.7
1064, 0, 39.3
1065, 0, 34.7
1066, -11, 30.9
1067, 258, 39.2
1068, 92, 41.9
1069, -122, 28.8
1070, 0, 37.7
1071, 0, 35.2
1072, 258, 38.6
1073, 0, 35.2
1074, 1, 43.1
1075, 0, 37.1
1076, 0, 40.3
1077, 0, 37.7
1078, 1, 48.4
1079, -11, 29.2
1080, 0, 37.4
1081, 0, 40.5
1082, 1, 45.2
1083, 0, 36.4
1084, 0, 37.7
1085, 258, 42.3
1086, 1, 40.4
1087, 0, 37.7
1088, 92, 39.9
1089, -11, 31.5
1090, 258, 38.9
1091, -1, 28.9
1092, -1, 32.9
1093, -7, 31.2
1094, -44, 34.0
1095, 258, 38.2
1096, 1, 41.2
1097, 0, 35.1
1098, -7, 25.0
1099, 258, 38.4
1100, 12, 41.5
1101, 258, 40.1
1102, 0, 33.0
1103, 258, 38.7
1104, 1, 46.6
1105, -22, 24.2
1106, 0, 38.3
1107, -91, 30.9
1108, 1, 40.3
1109, -1, 29.8
1110, -7, 26.5
1111, 0, 37.3
1112, -269, 34.9
1113, -2, 25.3
1114, 0, 41.6
1115, 1, 42.3
1116, 0, 35.0
1117, 1, 43.2
1118, 1, 43.7
1119, 1, 42.3
1120, -91, 33.6
1121, 1, 41.4
1122, -11, 30.1
1123, 0, 34.4
1124, 0, 36.9
1125, -7, 32.1
1126, 258, 41.2
1127, 0, 34.9
1128, 1, 40.5
1129, 0, 33.9
1130, 1, 40.6
1131, 0, 32.6
1132, 44, 46.2
1133, 0, 35.8
1134, 0, 33.6
1135, -11, 33.7
1136, 258, 38.9
1137, -1, 29.4
1138, 1, 41.9
1139, -44, 32.8
1140, 1, 41.2
1141, -1, 32.8
1142, 0, 36.0
1143, -44, 32.3
1144, 1, 41.2
1145, 12, 47.3
1146, -11, 23.1
1147, 44, 41.4
1148, 92, 39.9
1149, 0, 35.6
1150, 1, 45.7
1151, 0, 42.9
1152, -7, 28.0
1153, 0, 35.1
1154, 258, 39.1
1155, -11, 30.2
1156, -1, 32.8
1157, -7, 33.2
1158, 0, 34.6
1159, 1, 44.2
1160, 1, 47.5
1161, 0, 34.9
1162, 1, 40.5
1163, 1, 42.3
1164, 1, 45.7
1165, 44, 42.4
1166, 0, 37.6
1167, 0, 36.5
1168, 0, 35.3
1169, 258, 38.0
1170, 1, 44.0
1171, -1, 34.1
1172, 258, 41.0
1173, 92, 42.8
1174, 0, 36.6
1175, 1, 40.7
1176, 1, 40.2
1177, 1, 44.5
1178, 0, 37.0
1179, 258, 39.1
1180, 258, 39.5
1181, 258, 38.6
1182, 258, 38.9
1183, 92, 41.7
1184, -11, 31.3
1185, -7, 29.1
1186, 0, 38.2
1187, 0, 37.3
1188, 0, 36.3
1189, 1, 44.6
1190, -1, 26.4
1191, -269, 35.7
1192, -269, 34.8
1193, 258, 38.5
1194, 0, 40.0
1195, 1, 42.8
1196, 258, 38.6
1197, -1, 33.8
1198, 0, 38.5
1199, -2, 30.2
1200, -66, 32.5
1201, 1, 43.8
1202, 1, 43.0
1203, 1, 44.7
1204, 1, 42.7
1205, 1, 43.1
1206, 0, 32.7
1207, 1, 42.7
1208, 0, 34.6
1209, -2, 29.8
1210, 1, 41.8
1211, 0, 36.7
1212, 0, 34.7
1213, 0, 34.7
1214, -7, 32.6
1215, 0, 37.4
1216, 258, 39.4
1217, 258, 40.7
1218, 258, 39.4
1219, 0, 39.0
1220, -2, 31.4
1221, -11, 25.5
1222, -11, 32.8
1223, 92, 42.2
1224, 1, 40.0
1225, 0, 35.1
1226, 1, 45.2
1227, -11, 33.4
1228, 0, 36.7
1229, 44, 41.2
1230, 0, 38.0
1231, 1, 43.7
1232, 0, 36.8
1233, 0, 37.3
1234, 258, 39.0
1235, 258, 38.8
1236, 258, 38.1
1237, 1, 42.9
1238, 1, 44.3
1239, 0, 37.1
1240, -1, 25.8
1241, -44, 32.7
1242, 0, 34.3
1243, 0, 36.7
1244, 0, 34.5
1245, 92, 41.2
1246, 1, 40.0
1247, -7, 25.6
1248, 0, 36.6
1249, 1, 39.7
1250, 1, 40.0
1251, 0, 41.7
1252, 0, 35.9
1253, 92, 39.6
1254, 0, 36.1
1255, 0, 36.2
1256, 0, 35.9
1257, 1, 45.6
1258, 0, 36.5
1259, 1, 41.9
1260, 1, 41.7
1261, 1, 42.2
1262, 1, 41.2
1263, 0, 37.4
1264, 0, 36.8
1265, 0, 33.7
1266, 0, 32.7
1267, 0, 37.2
1268, 1, 42.0
1269, 0, 37.5
1270, 0, 37.8
1271, -2, 23.8
1272, 1, 44.1
1273, 258, 40.5
1274, 0, 32.3
1275, 258, 39.4
1276, 188, 42.0
1277, 0, 36.0
1278, 1, 41.5
1279, 1, 43.2
1280, 92, 41.1
1281, 0, 35.1
1282, 1, 42.1
1283, 1, 42.0
1284, 92, 40.5
1285, 258, 38.3
1286, -1, 32.3
1287, -66, 32.8
1288, -129, 33.3
1289, 0, 34.7
1290, 15, 44.9
1291, 188, 40.3
1292, 1, 41.6
1293, 0, 35.9
1294, -11, 30.2
1295, 0, 37.2
1296, 1, 45.0
1297, 258, 38.9
1298, 258, 38.2
1299, -282, 34.8
1300, 0, 36.8
1301, 0, 36.7
1302, -7, 28.8
1303, 258, 39.2
1304, 258, 40.7
1305, 1, 41.1
1306, 1, 40.5
1307, -1, 28.7
1308, -11, 33.1
1309, -269, 36.1
1310, 44, 43.0
1311, 1, 41.0
1312, -1, 31.6
1313, 258, 38.4
1314, 258, 38.1
1315, 0, 42.0
1316, -7, 26.9
1317, 0, 36.0
1318, 0, 36.5
1319, 92, 41.9
1320, 1, 43.2
1321, 92, 41.6
1322, -11, 32.1
1323, -44, 33.9
1324, 0, 40.1
1325, -11, 31.8
1326, 0, 28.7
1327, 12, 42.7
1328, -11, 32.4
1329, 0, 35.2
1330, 1, 39.6
1331, 0, 33.5
1332, 0, 36.8
1333, -2, 31.0
1334, -2, 31.6
1335, -2, 27.9
1336, -7, 32.8
1337, -66, 34.4
1338, 1, 41.1
1339, 0, 34.6
1340, 0, 37.3
1341, -44, 31.9
1342, 0, 34.9
1343, 258, 38.6
1344, 1, 47.4
1345, 0, 38.8
1346, 0, 36.1
1347, -1, 32.9
1348, 1, 42.1
1349, -1, 31.0
1350, 258, 38.8
1351, -269, 31.7
1352, 0, 39.7
1353, -66, 32.2
1354, 0, 37.7
1355, -2, 31.6
1356, 258, 38.6
1357, 1, 39.8
1358, 0, 37.5
1359, 0, 36.8
1360, 0, 35.8
1361, 1, 40.1
1362, 1, 41.1
1363, 1, 40.6
1364, 258, 38.4
1365, 0, 35.0
1366, 0, 34.7
1367, 258, 38.1
1368, 258, 38.2
1369, 92, 39.7
1370, 258, 39.0
1371, 1, 41.0
1372, -22, 26.9
1373, 1, 44.1
1374, 1, 42.4
1375, 0, 35.1
1376, -85, 32.5
1377, 0, 38.5
1378, 1, 43.5
1379, 1, 40.9
1380, 258, 38.3
1381, 0, 37.0
1382, 0, 37.8
1383, 0, 35.1
1384, -148, 34.2
1385, 0, 36.8
1386, 258, 39.0
1387, 258, 39.3
1388, 1, 40.8
1389, -66, 33.9
1390, 1, 42.7
1391, 0, 33.8
1392, 258, 39.0
1393, 0, 36.6
1394, 0, 36.0
1395, 1, 42.4
1396, 0, 35.4
1397, 1, 41.4
1398, 258, 38.9
1399, 1, 40.3
1400, 1, 44.3
1401, 1, 39.6
1402, 0, 37.8
1403, 1, 40.0
1404, 0, 34.1
1405, 258, 38.9
1406, 258, 38.4
1407, 0, 37.0
1408, 258, 38.1
1409, 0, 36.6
1410, 258, 38.5
1411, 0, 34.0
1412, 92, 44.9
1413, 1, 45.1
1414, 1, 42.0
1415, 258, 38.6
1416, 0, 31.6
1417, 92, 41.5
1418, -262, 31.6
1419, 0, 34.8
1420, 1, 42.4
1421, 0, 36.6
1422, 0, 36.4
1423, 258, 38.3
1424, 0, 36.9
1425, 1, 40.4
1426, 1, 42.6
1427, 1, 39.9
1428, 258, 39.1
1429, 1, 45.1
1430, 1, 49.4
1431, 0, 38.1
1432, 0, 39.4
1433, 1, 40.0
1434, 0, 35.1
1435, 258, 39.5
1436, 0, 36.1
1437, 92, 40.4
1438, 92, 42.4
1439, 0, 35.8
1440, 92, 40.6
1441, 0, 36.3
1442, 92, 41.2
1443, 258, 39.2
1444, 258, 38.4
1445, 92, 40.5
1446, 1, 40.0
1447, 1, 40.5
1448, -11, 27.7
1449, 0, 36.6
1450, 258, 38.1
1451, 92, 42.6
1452, 1, 41.2
1453, 1, 42.7
1454, 0, 37.0
1455, 1, 42.3
1456, 1, 43.8
1457, 258, 38.9
1458, 0, 36.8
1459, 0, 35.2
1460, 0, 37.1
1461, 258, 39.4
1462, 0, 36.1
1463, 0, 41.0
1464, 1, 46.4
1465, -115, 28.6
1466, 0, 37.7
1467, 0, 34.7
1468, 92, 43.1
1469, 258, 38.5
1470, 0, 39.1
1471, 258, 39.0
1472, -44, 31.1
1473, 44, 41.0
1474, 258, 39.7
1475, 0, 37.6
1476, 0, 37.5
1477, 0, 36.9
1478, 0, 35.3
1479, 0, 35.5
1480, 258, 38.3
1481, 1, 41.6
1482, 12, 42.6
1483, 188, 42.7
1484, 0, 34.9
1485, 258, 38.6
1486, 0, 36.6
1487, 0, 37.3
1488, 258, 40.2
1489, 1, 42.6
1490, 258, 38.1
1491, 0, 37.5
1492, 0, 34.9
1493, 12, 44.2
1494, 1, 39.7
1495, 0, 36.4
1496, 12, 42.3
1497, 1, 41.5
1498, 258, 39.4
1499, 258, 40.1
1500, 1, 39.6
1501, 0, 34.4
1502, 0, 36.3
1503, 12, 41.6
1504, 0, 36.8
1505, -66, 27.4
1506, -66, 31.8
1507, 258, 39.2
1508, 258, 38.0
1509, -1, 32.5
1510, -7, 25.4
1511, -66, 33.0
1512, 0, 35.3
1513, -7, 33.5
1514, 0, 35.3
1515, 1, 40.7
1516, 0, 36.8
1517, -269, 31.8
1518, 0, 39.9
1519, 1, 44.8
1520, 1, 45.1
1521, 0, 34.1
1522, -44, 34.6
1523, -44, 34.0
1524, 44, 44.4
1525, -269, 35.2
1526, -22, 32.2
1527, 258, 38.9
1528, 0, 36.9
1529, 258, 38.4
1530, -44, 33.7
1531, 44, 47.1
1532, 258, 38.1
1533, 258, 37.9
1534, 258, 38.7
1535, 0, 37.5
1536, 258, 38.0
1537, 258, 39.2
1538, 1, 42.5
1539, 258, 41.7
1540, 258, 39.7
1541, 92, 40.0
1542, -11, 28.8
1543, 0, 37.4
1544, 44, 41.2
1545, 1, 44.1
1546, 0, 37.4
1547, 258, 39.7
1548, 1, 43.7
1549, 1, 47.6
1550, 1, 43.5
1551, 258, 39.5
1552, 258, 40.2
1553, -85, 32.8
1554, 258, 38.2
1555, 258, 37.9
1556, 0, 37.8
1557, 0, 34.4
1558, 0, 39.0
1559, -85, 32.4
1560, 258, 38.4
1561, -1, 25.7
1562, -1, 28.2
1563, -1, 32.8
1564, -1, 30.0
1565, 0, 35.7
1566, 1, 47.1
1567, 1, 39.8
1568, 0, 35.8
1569, 0, 37.2
1570, -11, 33.6
1571, -66, 29.7
1572, -2, 30.5
1573, 258, 38.5
1574, 258, 39.5
1575, 1, 42.6
1576, 0, 37.1
1577, 0, 36.5
1578, -2, 30.0
1579, -2, 30.0
1580, -7, 28.7
1581, 1, 42.9
1582, 258, 37.9
1583, 1, 40.7
1584, 0, 37.8
1585, 0, 35.5
1586, 0, 37.2
1587, 0, 37.4
1588, 0, 36.0
1589, 258, 38.8
1590, 258, 37.9
1591, 0, 37.7
1592, -1, 29.1
1593, 258, 38.0
1594, -234, 34.0
1595, -2, 26.4
1596, -2, 26.8
1597, -2, 27.6
1598, 1, 39.9
1599, 1, 46.6
1600, 1, 41.1
1601, 0, 34.3
1602, 0, 34.7
1603, -7, 26.0
1604, 0, 33.1
1605, -2, 26.6
1606, 0, 39.7
1607, 1, 41.6
1608, 0, 36.5
1609, 1, 44.4
1610, 0, 37.0
1611, 1, 43.3
1612, 1, 43.3
1613, 258, 39.6
1614, 92, 40.1
1615, 92, 40.8
1616, 0, 36.4
1617, 92, 44.2
1618, 258, 38.3
1619, 1, 40.1
1620, 0, 35.1
1621, 258, 39.1
1622, 0, 37.7
1623, 1, 41.7
1624, 1, 41.2
1625, 0, 39.1
1626, 0, 38.5
1627, 0, 33.3
1628, 0, 37.2
1629, 258, 39.3
1630, 0, 35.9
1631, -1, 32.6
1632, 258, 38.8
1633, 0, 35.0
1634, 258, 39.5
1635, 92, 42.0
1636, 92, 40.9
1637, 0, 35.9
1638, 0, 42.3
1639, 0, 38.2
1640, 0, 38.1
1641, 0, 42.0
1642, 0, 37.1
1643, -7, 30.1
1644, -7, 30.3
1645, -85, 30.5
1646, 92, 40.7
1647, 258, 38.3
1648, 0, 37.4
1649, 0, 35.4
1650, 92, 44.5
1651, 0, 37.7
1652, 0, 36.6
1653, 0, 37.6
1654, -44, 32.2
1655, 258, 38.8
1656, 258, 38.8
1657, 0, 37.6
1658, 92, 39.7
1659, 1, 40.1
1660, 92, 40.2
1661, 92, 43.5
1662, 258, 38.7
1663, -91, 35.0
1664, 0, 36.2
1665, -91, 33.1
1666, 0, 36.5
1667, -44, 33.1
1668, 258, 40.6
1669, 258, 39.3
1670, 258, 38.7
1671, 92, 43.4
1672, 92, 41.5
1673, 1, 42.4
1674, 92, 40.1
1675, 0, 37.2
1676, 92, 41.2
1677, 92, 40.5
1678, 1, 40.4
1679, 0, 33.8
1680, 0, 37.4
1681, -7, 26.4
1682, 258, 40.0
1683, 258, 39.1
1684, 0, 37.0
1685, 258, 38.4
1686, 92, 39.8
1687, 0, 37.4
1688, 1, 42.0
1689, 1, 39.8
1690, 1, 41.1
1691, 1, 43.1
1692, 1, 44.1
1693, 1, 45.2
1694, 1, 43.0
1695, 44, 45.2
1696, 0, 28.2
1697, -1, 32.5
1698, 0, 40.3
1699, 258, 38.5
1700, 92, 40.0
1701, 1, 40.0
1702, 258, 40.3
1703, 1, 43.9
1704, 1, 52.2
1705, 1, 41.9
1706, 1, 47.0
1707, 1, 40.1
1708, 0, 37.5
1709, 0, 36.6
1710, 0, 37.6
1711, 1, 41.4
1712, 0, 34.5
1713, 92, 42.1
1714, 0, 37.8
1715, 1, 41.5
1716, 1, 40.9
1717, 1, 44.3
1718, 0, 37.2
1719, 258, 38.2
1720, 0, 36.3
1721, 0, 36.9
1722, 1, 42.9
1723, 0, 37.3
1724, 258, 40.0
1725, 0, 37.4
1726, 92, 41.6
1727, 92, 41.4
1728, 1, 42.4
1729, 258, 39.2
1730, -1, 30.5
1731, 0, 35.6
1732, 0, 37.3
1733, 0, 37.2
1734, 0, 37.8
1735, 0, 35.8
1736, 258, 38.9
1737, 258, 39.0
1738, 1, 40.0
1739, 1, 41.2
1740, 0, 35.7
1741, 0, 38.8
1742, 0, 33.2
1743, 1, 45.1
1744, 258, 38.1
1745, 1, 39.8
1746, 0, 36.7
1747, 1, 44.9
1748, -221, 31.0
1749, 0, 35.4
1750, 0, 35.7
1751, 0, 36.0
1752, 0, 36.8
1753, 0, 34.2
1754, 0, 35.0
1755, 258, 38.1
1756, 1, 39.6
1757, 0, 36.7
1758, -129, 35.1
1759, 0, 35.8
1760, 92, 43.2
1761, 92, 41.7
1762, 92, 40.3
1763, 0, 34.9
1764, 0, 35.0
1765, 1, 47.5
1766, 0, 35.9
1767, 92, 40.4
1768, 258, 39.1
1769, 0, 37.2
1770, 0, 35.5
1771, -7, 29.8
1772, 12, 48.8
1773, 12, 41.5
1774, 0, 35.8
1775, 258, 38.7
1776, 1, 40.8
1777, 1, 41.7
1778, 0, 37.7
1779, -7, 28.5
1780, -7, 33.2
1781, 1, 39.6
1782, 258, 39.0
1783, 258, 39.5
1784, 258, 42.6
1785, 1, 41.8
1786, 0, 33.5
1787, 0, 37.0
1788, 92, 40.1
1789, 258, 38.7
1790, 1, 42.8
1791, 1, 40.5
1792, 92, 40.9
1793, 92, 41.5
1794, 1, 40.3
1795, 258, 39.5
1796, 0, 36.8
1797, 258, 40.3
1798, 0, 36.3
1799, 0, 35.8
1800, 1, 40.8
1801, 92, 41.2
1802, 0, 33.8
1803, 0, 37.2
1804, 0, 36.7
1805, 258, 38.5
1806, 258, 40.4
1807, 0, 34.8
1808, 0, 41.8
1809, 12, 42.1
1810, 258, 38.0
1811, 258, 38.6
1812, 0, 35.7
1813, 0, 36.2
1814, 0, 37.8
1815, -2, 28.1
1816, -2, 31.6
1817, -2, 30.3
1818, 0, 38.6
1819, 258, 38.6
1820, 1, 41.7
1821, 0, 36.0
1822, 0, 36.0
1823, 1, 41.1
1824, 0, 36.1
1825, 258, 40.6
1826, 1, 40.8
1827, 0, 37.1
1828, 0, 40.0
1829, 0, 37.6
1830, 258, 39.5
1831, 258, 40.0
1832, 0, 37.5
1833, 258, 42.7
1834, 258, 39.4
1835, 12, 42.6
1836, 0, 37.3
1837, 1, 39.8
1838, 1, 43.9
1839, 0, 43.2
1840, -148, 33.3
1841, 258, 42.8
1842, 258, 39.1
1843, 0, 37.8
1844, 258, 39.3
1845, 1, 43.8
1846, 0, 38.8
1847, -262, 33.8
1848, -91, 34.7
1849, 0, 34.6
1850, 1, 43.4
1851, 258, 42.0
1852, 258, 38.4
1853, 1, 41.7
1854, 0, 35.6
1855, 0, 36.1
1856, 0, 40.6
1857, 258, 39.6
1858, 258, 40.5
1859, 0, 35.1
1860, 0, 33.4
1861, 0, 36.9
1862, 0, 39.8
1863, 0, 33.1
1864, 0, 34.2
1865, 0, 36.2
1866, 1, 44.8
1867, 0, 36.7
1868, 1, 42.7
1869, 0, 33.2
1870, 44, 41.5
1871, 258, 38.6
1872, 258, 39.5
1873, 92, 40.0
1874, 0, 34.8
1875, 0, 36.3
1876, 1, 42.8
1877, 1, 44.6
1878, 0, 33.3
1879, -22, 25.9
1880, 92, 40.4
1881, 0, 36.6
1882, 258, 39.2
1883, 1, 43.5
1884, 0, 37.0
1885, -22, 29.5
1886, 0, 34.8
1887, 0, 38.5
1888, 0, 36.2
1889, 0, 35.0
1890, -234, 31.2
1891, 0, 35.1
1892, 1, 40.6
1893, 0, 36.7
1894, 1, 48.6
1895, 1, 44.0
1896, 258, 38.4
1897, 258, 38.3
1898, -11, 32.8
1899, 258, 38.4
1900, 258, 39.5
1901, 258, 39.2
1902, 1, 42.1
1903, 258, 39.5
1904, 1, 40.7
1905, 1, 40.5
1906, 1, 41.4
1907, 1, 41.5
1908, 0, 35.5
1909, 0, 37.2
1910, 0, 37.2
1911, 258, 39.0
1912, 258, 38.9
1913, -11, 28.7
1914, -11, 31.4
1915, 258, 39.4
1916, 0, 35.5
1917, 258, 38.6
1918, 258, 39.1
1919, 92, 40.6
1920, 0, 36.1
1921, 0, 35.5
1922, 1, 44.8
1923, 0, 37.6
1924, 0, 40.1
1925, 0, 37.2
1926, 92, 39.8
1927, 258, 38.7
1928, 92, 41.6
1929, 258, 39.2
1930, 92, 40.2
1931, 0, 37.2
1932, 0, 36.6
1933, 258, 38.6
1934, 1, 39.8
1935, 258, 38.6
1936, 1, 39.8
1937, 0, 37.4
1938, 258, 38.9
1939, 1, 40.3
1940, 92, 41.7
1941, 92, 41.7
1942, 258, 38.1
1943, 92, 42.8
1944, 92, 42.5
1945, 0, 37.3
1946, -1, 31.9
1947, -1, 32.5
1948, -2, 31.3
1949, -2, 26.9
1950, -115, 30.7
1951, 0, 37.1
1952, 0, 34.0
1953, 0, 27.9
1954, 258, 39.5
1955, 92, 44.9
1956, 258, 38.2
1957, 92, 41.8
1958, 0, 37.7
1959, 92, 43.3
1960, 0, 37.7
1961, 1, 42.3
1962, 258, 38.8
1963, 258, 38.7
1964, 1, 42.2
1965, 1, 45.2
1966, 1, 42.7
1967, 1, 43.6
1968, 0, 37.6
1969, 0, 37.2
1970, 1, 41.2
1971, 258, 38.1
1972, 258, 39.0
1973, 258, 38.2
1974, 258, 39.5
1975, 92, 40.4
1976, 1, 43.6
1977, 1, 40.5
1978, 1, 40.8
1979, -7, 29.4
1980, 0, 37.1
1981, 0, 36.5
1982, 0, 37.8
1983, 258, 38.3
1984, 92, 40.5
1985, -7, 30.7
1986, 1, 40.7
1987, 258, 40.4
1988, -7, 27.9
1989, 0, 35.5
1990, 0, 37.2
1991, 0, 33.3
1992, 92, 40.0
1993, -7, 28.0
1994, 1, 44.8
1995, 1, 44.8
1996, 1, 44.0
1997, 1, 44.0
1998, 1, 42.8
1999, 258, 38.5
2000, 0, 36.3
2001, 1, 41.4
2002, 1, 40.2
2003, 1, 44.9
2004, 1, 43.5
2005, -1, 30.8
2006, 1, 42.9
2007, 1, 39.8
2008, 1, 40.9
2009, 1, 44.3
2010, 0, 34.9
2011, 0, 37.4
2012, 258, 39.1
2013, 1, 41.2
2014, -1, 34.1
2015, 1, 43.0
2016, 0, 34.8
2017, 1, 44.5
2018, 92, 40.0
2019, 0, 29.4
2020, -7, 32.0
2021, 0, 37.8
2022, -11, 30.4
2023, 258, 38.4
2024, 258, 38.9
2025, 0, 36.7
2026, 258, 39.4
2027, 0, 34.3
2028, 0, 36.6
2029, 0, 35.9
2030, 0, 37.8
2031, 0, 36.3
2032, 0, 37.8
2033, 1, 40.7
2034, 0, 36.7
2035, 92, 42.3
2036, 0, 35.8
2037, -234, 33.2
2038, 0, 34.6
2039, 0, 36.6
2040, 0, 37.2
2041, -44, 30.0
2042, 0, 32.6
2043, -11, 33.8
2044, 0, 35.4
2045, -7, 28.3
2046, 0, 35.1
2047, 258, 38.5
2048, 258, 38.2
2049, 258, 39.5
2050, -129, 31.3
2051, 1, 40.3
2052, 92, 43.0
2053, 0, 35.3
2054, 0, 32.8
2055, 0, 37.8
2056, -7, 30.7
2057, -7, 31.1
2058, 92, 40.9
2059, 92, 44.2
2060, 92, 39.9
2061, 0, 36.2
2062, 1, 51.0
2063, 0, 38.5
2064, -7, 26.5
2065, 0, 35.9
2066, 15, 46.2
2067, 258, 41.3
2068, 44, 45.3
2069, -1, 30.5
2070, -1, 33.8
2071, -7, 32.3
2072, 0, 37.5
2073, 0, 34.2
2074, 0, 34.9
2075, 0, 35.9
2076, -11, 26.7
2077, -11, 32.2
2078, 1, 41.0
2079, 258, 38.1
2080, 258, 39.3
2081, 0, 36.8
2082, 0, 37.2
2083, 1, 40.3
2084, 0, 36.8
2085, -234, 34.0
2086, 0, 38.2
2087, 92, 40.9
2088, 92, 42.6
2089, 0, 38.5
2090, 0, 38.3
2091, 1, 41.0
2092, 258, 40.8
2093, 0, 37.3
2094, 0, 37.8
2095, 0, 37.8
2096, 0, 37.3
2097, 0, 36.5
2098, 92, 40.6
2099, 0, 37.2
2100, 0, 33.1
2101, 1, 42.6
2102, 1, 40.9
2103, 258, 38.3
2104, 0, 36.8
2105, 258, 38.5
2106, 92, 40.6
2107, 92, 43.3
2108, 0, 36.9
2109, 0, 37.2
2110, 0, 36.8
2111, 0, 39.3
2112, 1, 39.8
2113, 0, 36.8
2114, 0, 37.7
2115, 0, 37.2
2116, 0, 37.8
2117, 258, 38.6
2118, 92, 40.3
2119, 92, 41.2
2120, 0, 35.1
2121, 0, 36.6
2122, 1, 40.1
2123, 0, 37.3
2124, 1, 40.3
2125, 0, 36.8
2126, 0, 35.8
2127, 258, 39.5
2128, 44, 42.4
2129, 92, 42.8
2130, 92, 43.9
2131, 1, 43.6
2132, 0, 36.4
2133, 1, 40.3
2134, 44, 44.0
2135, 44, 46.9
2136, 0, 36.1
2137, 0, 38.1
2138, 0, 34.5
2139, 258, 38.7
2140, -7, 32.9
2141, 0, 31.6
2142, 258, 40.5
2143, 258, 41.3
2144, 258, 40.1
2145, -11, 29.1
2146, -7, 24.5
2147, 0, 42.2
2148, 92, 41.1
2149, 0, 36.0
2150, 92, 41.0
2151, 258, 39.6
2152, 0, 34.3
2153, 0, 35.3
2154, 258, 42.1
2155, 44, 43.4
2156, 0, 32.6
2157, 92, 45.0
2158, 258, 39.6
2159, 92, 44.5
2160, 1, 39.7
2161, 258, 38.9
2162, 1, 41.5
2163, 258, 39.0
2164, 1, 42.4
2165, 0, 35.1
2166, 0, 40.1
2167, 0, 37.1
2168, 0, 35.9
2169, 258, 39.4
2170, 0, 32.4
2171, 0, 36.7
2172, 258, 38.3
2173, 258, 38.6
2174, 1, 39.8
2175, 1, 41.2
2176, 1, 42.8
2177, 258, 38.2
2178, 258, 39.2
2179, 0, 37.0
2180, 1, 42.6
2181, 0, 31.7
2182, 258, 38.6
2183, 0, 38.1
2184, 258, 38.5
2185, 1, 40.1
2186, 258, 39.5
2187, 1, 44.9
2188, 258, 39.5
2189, 1, 41.8
2190, -1, 31.3
2191, -66, 26.5
2192, 1, 43.0
2193, 1, 43.1
2194, -2, 29.6
2195, -2, 30.6
2196, -2, 27.9
2197, -7, 30.6
2198, 0, 38.3
2199, 258, 39.4
2200, 1, 41.5
2201, 1, 43.1
2202, 92, 41.3
2203, 0, 37.7
2204, 1, 41.2
2205, -1, 31.1
2206, -66, 27.6
2207, -66, 34.7
2208, 0, 32.7
2209, 92, 40.7
2210, 92, 43.4
2211, 258, 41.8
2212, 0, 35.7
2213, 258, 38.0
2214, 0, 37.5
2215, 0, 34.8
2216, 0, 35.8
2217, 0, 34.9
2218, 258, 41.8
2219, 1, 41.5
2220, 1, 41.3
2221, -1, 32.8
2222, 1, 42.3
2223, 92, 39.9
2224, 0, 32.9
2225, 0, 35.2
2226, 0, 36.7
2227, -2, 24.9
2228, 0, 37.8
2229, 0, 40.9
2230, 0, 38.2
2231, 0, 36.6
2232, 92, 44.3
2233, 0, 36.6
2234, 1, 40.3
2235, 258, 37.9
2236, 0, 36.6
2237, 0, 35.4
2238, 1, 42.3
2239, 0, 36.0
2240, 1, 44.6
2241, 1, 42.7
2242, -7, 27.1
2243, 44, 45.7
2244, 258, 39.3
2245, 258, 39.3
2246, 258, 43.5
2247, 1, 40.3
2248, 1, 43.0
2249, 0, 32.9
2250, 0, 36.9
2251, 258, 38.8
2252, 0, 36.3
2253, 258, 39.5
2254, 258, 38.5
2255, -7, 32.9
2256, 0, 33.9
2257, -234, 34.0
2258, -2, 21.1
2259, -2, 24.6
2260, 0, 44.2
2261, 258, 38.7
2262, 0, 37.9
2263, -269, 35.2
2264, 44, 46.5
2265, 1, 41.2
2266, 1, 39.9
2267, 1, 41.8
2268, 258, 38.1
2269, 12, 47.7
2270, 1, 44.1
2271, 258, 38.6
2272, 258, 39.4
2273, 92, 40.8
2274, 258, 37.9
2275, 92, 40.5
2276, 258, 38.1
2277, -44, 31.8
2278, 258, 40.4
2279, 12, 44.9
2280, 0, 37.8
2281, 0, 36.3
2282, 0, 36.7
2283, 92, 43.8
2284, 258, 39.0
2285, 0, 34.1
2286, 1, 43.7
2287, 0, 37.5
2288, -44, 33.5
2289, 258, 38.3
2290, 258, 40.2
2291, 0, 37.8
2292, 92, 42.0
2293, 20, 45.8
2294, 258, 42.0
2295, -1, 32.1
2296, 1, 39.8
2297, 0, 36.0
2298, 1, 40.1
2299, 1, 43.2
2300, -1, 29.6
2301, 0, 34.2
2302, 258, 39.7
2303, 0, 35.4
2304, 0, 38.3
2305, 0, 31.1
2306, -7, 29.3
2307, 0, 37.8
2308, 258, 40.5
2309, 0, 36.0
2310, 1, 41.4
2311, 1, 47.1
2312, 1, 42.9
2313, 0, 34.3
2314, 0, 36.2
2315, -159, 29.7
2316, 0, 38.7
2317, 0, 38.7
2318, 0, 45.4
2319, 0, 36.7
2320, 1, 42.6
2321, 0, 32.2
2322, 258, 39.2
2323, 1, 41.6
2324, 0, 33.2
2325, 0, 35.3
2326, 92, 40.5
2327, 258, 38.9
2328, 0, 35.7
2329, 258, 41.1
2330, 92, 39.7
2331, 258, 39.2
2332, 258, 40.9
2333, 1, 42.6
2334, 258, 39.4
2335, 92, 40.1
2336, 258, 38.7
2337, 258, 38.0
2338, 258, 38.6
2339, 258, 38.2
2340, 258, 41.1
2341, 0, 36.1
2342, 1, 40.0
2343, 1, 40.6
2344, 1, 41.4
2345, 1, 44.3
2346, 0, 37.6
2347, 92, 41.5
2348, 258, 40.5
2349, 0, 35.4
2350, 1, 40.9
2351, 258, 38.2
2352, 1, 40.6
2353, 1, 43.3
2354, 1, 41.0
2355, 0, 37.2
2356, 0, 34.7
2357, 258, 38.7
2358, 258, 40.7
2359, 92, 40.4
2360, 92, 41.2
2361, 1, 40.0
2362, 258, 39.4
2363, 1, 42.8
2364, 1, 40.7
2365, 1, 44.2
2366, 1, 41.4
2367, 0, 36.3
2368, 1, 46.1
2369, -22, 31.5
2370, -7, 32.7
2371, 258, 39.5
2372, 1, 40.6
2373, 1, 44.1
2374, 1, 43.4
2375, 1, 46.0
2376, 1, 44.5
2377, 92, 40.2
2378, 92, 41.4
2379, 258, 38.0
2380, 1, 41.4
2381, 1, 40.5
2382, 1, 41.6
2383, 1, 44.4
2384, 258, 39.6
2385, 0, 35.0
2386, 0, 38.2
2387, 1, 42.9
2388, 258, 39.5
2389, 1, 47.5
2390, 1, 41.4
2391, -221, 34.6
2392, 1, 42.4
2393, 1, 43.7
2394, 92, 40.7
2395, 92, 42.6
2396, 1, 49.8
2397, 1, 41.7
2398, -11, 33.3
2399, -234, 34.5
2400, 0, 35.0
2401, -12, 28.1
2402, -85, 33.1
2403, 0, 34.7
2404, 1, 45.0
2405, 1, 45.5
2406, 1, 41.6
2407, 1, 42.3
2408, 258, 39.4
2409, 258, 39.2
2410, 0, 35.1
2411, 0, 35.9
2412, 0, 37.6
2413, 1, 42.8
2414, 0, 36.7
2415, 92, 40.1
2416, 258, 38.9
2417, 92, 41.1
2418, 0, 35.3
2419, 92, 40.2
2420, 258, 38.1
2421, 92, 40.0
2422, 92, 40.2
2423, 0, 37.6
2424, 0, 36.3
2425, 0, 34.9
2426, 1, 50.0
2427, 92, 41.4
2428, 1, 42.0
2429, 0, 36.6
2430, 258, 39.2
2431, 92, 41.4
2432, 258, 39.5
2433, 0, 37.0
2434, 92, 41.0
2435, 0, 37.3
2436, -44, 33.5
2437, 258, 38.4
2438, 258, 39.1
2439, 1, 40.5
2440, 12, 41.3
2441, 258, 38.7
2442, 1, 40.1
2443, 258, 38.6
2444, 92, 40.6
2445, 92, 39.7
2446, 92, 41.4
2447, 258, 38.9
2448, -44, 34.1
2449, -44, 32.5
2450, 0, 38.0
2451, 258, 40.9
2452, 258, 39.3
2453, 0, 37.6
2454, 1, 43.3
2455, -7, 28.9
2456, 1, 45.5
2457, 0, 43.0
2458, 0, 37.0
2459, 1, 40.7
2460, 0, 34.8
2461, 1, 39.9
2462, 258, 38.4
2463, 1, 40.6
2464, 258, 38.9
2465, 0, 35.8
2466, 1, 40.5
2467, 0, 39.4
2468, 0, 36.8
2469, 258, 38.2
2470, 92, 40.4
2471, -1, 32.0
2472, 0, 35.4
2473, 1, 42.3
2474, 1, 39.8
2475, 1, 41.3
2476, -282, 32.7
2477, 0, 35.8
2478, 258, 38.7
2479, 1, 44.4
2480, 1, 48.7
2481, 1, 39.6
2482, 258, 38.7
2483, 0, 36.5
2484, 258, 39.2
2485, 1, 45.6
2486, 0, 37.8
2487, 0, 36.9
2488, -7, 26.7
2489, -66, 30.3
2490, 12, 46.1
2491, 258, 39.4
2492, 0, 35.5
2493, 258, 38.2
2494, 0, 36.1
2495, 0, 37.6
2496, 0, 35.5
2497, 0, 39.4
2498, 0, 34.3
2499, 0, 36.3
2500, 1, 41.1
2501, 92, 42.4
2502, 258, 38.7
2503, 258, 39.2
2504, 0, 37.5
2505, 258, 39.5
2506, 92, 42.3
2507, 1, 42.0
2508, 1, 40.9
2509, -2, 25.0
2510, -2, 31.9
2511, 258, 41.7
2512, 44, 42.0
2513, 0, 37.3
2514, 1, 40.7
2515, 92, 40.4
2516, 92, 40.0
2517, 0, 36.9
2518, 1, 42.0
2519, 0, 36.4
2520, 0, 34.2
2521, 1, 47.1
2522, -234, 33.5
2523, 1, 43.6
2524, -11, 30.9
2525, 0, 37.4
2526, 1, 41.3
2527, 92, 40.7
2528, -262, 33.5
2529, 0, 37.8
2530, 258, 38.5
2531, 0, 37.8
2532, 92, 40.7
2533, 92, 41.0
2534, 92, 40.5
2535, 0, 35.0
2536, 1, 40.0
2537, 0, 37.6
2538, 92, 40.1
2539, 1, 39.7
2540, 0, 35.5
2541, 0, 34.2
2542, 0, 36.7
2543, 1, 41.0
2544, 0, 37.5
2545, 1, 40.2
2546, 258, 38.3
2547, -262, 35.5
2548, 0, 37.7
2549, 0, 36.9
2550, 92, 39.9
2551, 258, 39.9
2552, 258, 39.4
2553, 0, 36.5
2554, -11, 31.6
2555, 0, 34.7
2556, 0, 37.0
2557, 0, 35.7
2558, 258, 37.9
2559, 1, 45.5
2560, 92, 40.0
2561, 258, 38.9
2562, 0, 37.1
2563, 0, 35.6
2564, 0, 35.3
2565, 1, 40.5
2566, 0, 38.1
2567, 1, 43.8
2568, 258, 39.4
2569, 92, 40.7
2570, 0, 36.0
2571, -44, 26.3
2572, 0, 37.4
2573, 258, 38.0
2574, 0, 37.8
2575, 258, 38.9
2576, 92, 41.2
2577, 258, 39.2
2578, 92, 43.3
2579, 1, 44.2
2580, 92, 42.5
2581, -44, 30.7
2582, 1, 43.6
2583, 1, 41.6
2584, -2, 25.2
2585, 92, 40.1
2586, 92, 41.8
2587, 92, 40.3
2588, -7, 31.2
2589, 0, 35.5
2590, 0, 35.3
2591, 0, 34.4
2592, -129, 34.7
2593, 1, 41.3
2594, 1, 39.6
2595, 258, 38.3
2596, 0, 37.2
2597, 0, 35.8
2598, 0, 35.5
2599, 258, 40.5
2600, 258, 39.0
2601, 92, 41.3
2602, 92, 41.3
2603, 258, 38.5
2604, 92, 40.3
2605, 1, 41.8
2606, 1, 40.8
2607, 0, 35.2
2608, 258, 38.3
2609, 1, 39.8
2610, -11, 32.9
2611, 258, 39.1
2612, 1, 40.2
2613, 0, 43.0
2614, 258, 39.5
2615, 1, 41.3
2616, 1, 41.9
2617, 0, 28.3
2618, 0, 41.8
2619, 1, 44.5
2620, 1, 43.2
2621, 0, 36.6
2622, 1, 44.0
2623, 1, 41.5
2624, 92, 41.4
2625, 0, 36.7
2626, 92, 43.1
2627, 0, 37.6
2628, 258, 38.5
2629, 1, 42.3
2630, 0, 36.2
2631, 0, 37.5
2632, 1, 41.4
2633, 0, 34.1
2634, 0, 37.0
2635, -85, 32.9
2636, 258, 39.0
2637, 1, 41.0
2638, 258, 38.5
2639, 0, 34.4
2640, 258, 38.7
2641, 20, 48.8
2642, 0, 36.1
2643, 0, 35.9
2644, -66, 33.4
2645, 1, 39.8
2646, 0, 36.0
2647, 1, 41.1
2648, 0, 35.7
2649, 0, 33.2
2650, 0, 35.1
2651, -1, 33.3
2652, -7, 26.8
2653, 1, 41.1
2654, 92, 40.6
2655, 258, 43.8
2656, -7, 30.7
2657, 258, 38.3
2658, 0, 36.5
2659, 0, 34.7
2660, 92, 43.9
2661, 92, 41.5
2662, 1, 41.8
2663, 258, 38.5
2664, 1, 42.0
2665, 0, 35.6
2666, 0, 34.1
2667, 0, 34.5
2668, 0, 38.3
2669, -85, 34.8
2670, -12, 22.4
2671, 1, 41.8
2672, 1, 41.1
2673, 0, 37.4
2674, 258, 38.3
2675, 1, 45.4
2676, 92, 40.7
2677, 1, 46.1
2678, 0, 35.0
2679, 0, 36.8
2680, 0, 34.1
2681, 0, 33.0
2682, 0, 34.0
2683, 0, 37.4
2684, 1, 39.6
2685, 258, 38.0
2686, 258, 38.9
2687, 258, 39.0
2688, 0, 41.6
2689, 0, 37.6
2690, 0, 37.2
2691, 0, 37.7
2692, 0, 34.8
2693, 12, 43.0
2694, 258, 39.2
2695, 0, 39.7
2696, 0, 39.3
2697, 0, 32.2
2698, 92, 41.0
2699, 258, 38.6
2700, 258, 38.8
2701, 92, 43.4
2702, 1, 42.4
2703, 1, 39.9
2704, 0, 37.7
2705, 12, 49.9
2706, 258, 37.9
2707, 0, 37.2
2708, 0, 34.5
2709, 1, 42.8
2710, 0, 37.4
2711, 258, 38.7
2712, 0, 37.0
2713, 1, 44.8
2714, 258, 41.4
2715, 0, 36.9
2716, 258, 37.9
2717, 258, 38.0
2718, 92, 41.2
2719, -234, 33.4
2720, 0, 36.5
2721, 258, 38.8
2722, 258, 38.7
2723, 188, 41.6
2724, 12, 41.6
2725, 1, 40.5
2726, 0, 33.2
2727, 0, 36.6
2728, 1, 41.3
2729, 258, 38.6
2730, 258, 38.1
2731, 1, 41.8
2732, 1, 41.5
2733, 1, 40.5
2734, 0, 37.4
2735, 258, 39.5
2736, 92, 41.2
2737, 92, 41.5
2738, 0, 37.8
2739, 0, 36.5
2740, 258, 39.5
2741, 92, 43.4
2742, 258, 40.5
2743, 258, 42.9
2744, 1, 42.4
2745, 1, 43.8
2746, 1, 43.4
2747, 1, 42.4
2748, 1, 40.9
2749, 92, 43.2
2750, 1, 42.3
2751, 1, 42.8
2752, 92, 40.8
2753, 0, 34.8
2754, -12, 23.1
2755, 1, 45.3
2756, 1, 42.0
2757, 92, 42.0
2758, 0, 35.4
2759, 0, 34.5
2760, 0, 37.4
2761, 1, 40.6
2762, 1, 40.6
2763, 1, 39.7
2764, -7, 32.4
2765, 0, 36.0
2766, 92, 39.7
2767, 92, 40.0
2768, 92, 39.7
2769, 258, 38.4
2770, 0, 35.0
2771, 0, 38.7
2772, 0, 39.0
2773, 0, 38.2
2774, -91, 32.9
2775, 0, 36.1
2776, -44, 32.5
2777, 1, 42.2
2778, 1, 43.1
2779, 0, 37.3
2780, 258, 38.4
2781, -269, 36.2
2782, 0, 40.4
2783, -91, 32.6
2784, 258, 38.6
2785, 258, 39.3
2786, 258, 39.1
2787, 258, 39.4
2788, 0, 35.3
2789, 0, 35.6
2790, 1, 41.1
2791, 0, 38.3
2792, 258, 39.5
2793, 0, 35.9
2794, 258, 42.6
2795, 258, 39.2
2796, -44, 33.8
2797, 258, 39.9
2798, 0, 37.6
2799, 0, 36.3
2800, 0, 38.7
2801, 1, 43.5
2802, 0, 37.8
2803, 258, 40.9
2804, 92, 41.8
2805, 0, 38.8
2806, 1, 42.6
2807, 1, 42.2
2808, 1, 50.3
2809, 1, 42.7
2810, 1, 40.0
2811, 258, 38.3
2812, 0, 34.2
2813, 0, 37.5
2814, 92, 44.4
2815, 258, 38.1
2816, 0, 36.4
2817, 1, 40.3
2818, 1, 45.8
2819, 1, 44.3
2820, 0, 36.9
2821, 258, 38.7
2822, 1, 42.2
2823, 1, 41.9
2824, 1, 40.6
2825, -234, 33.7
2826, 1, 44.3
2827, 258, 42.5
2828, 0, 37.5
2829, 1, 45.4
2830, 1, 41.5
2831, 258, 38.6
2832, 1, 41.4
2833, 258, 38.8
2834, 258, 39.5
2835, 44, 44.5
2836, -234, 31.2
2837, 1, 39.9
2838, 0, 33.4
2839, 1, 41.1
2840, -11, 32.1
2841, -85, 34.3
2842, 258, 38.6
2843, -11, 31.9
2844, 258, 37.9
2845, -85, 33.0
2846, -7, 29.7
2847, 258, 42.1
2848, 1, 43.1
2849, 1, 41.5
2850, 258, 38.4
2851, 0, 37.7
2852, 0, 36.9
2853, 258, 40.3
2854, 239, 40.4
2855, 12, 41.6
2856, 0, 37.0
2857, 0, 35.8
2858, 0, 41.1
2859, 258, 39.1
2860, 1, 45.3
2861, -234, 33.5
2862, 1, 42.0
2863, 0, 37.4
2864, 0, 34.1
2865, 1, 46.9
2866, 258, 38.9
2867, 0, 37.3
2868, 1, 42.4
2869, 258, 39.2
2870, 258, 37.9
2871, 92, 40.1
2872, 0, 40.1
2873, 1, 42.1
2874, -11, 29.4
2875, -44, 35.0
2876, 0, 37.3
2877, 0, 42.0
2878, 258, 39.3
2879, 1, 42.7
2880, 1, 42.3
2881, 258, 38.5
2882, 1, 39.6
2883, 0, 37.9
2884, -129, 35.0
2885, 0, 35.9
2886, -11, 26.5
2887, 0, 36.6
2888, 258, 38.3
2889, 1, 43.7
2890, 92, 39.9
2891, 0, 37.4
2892, -148, 32.0
2893, 92, 40.9
2894, 258, 38.3
2895, 0, 35.8
2896, 92, 40.7
2897, 92, 42.1
2898, 0, 35.6
2899, 0, 37.5
2900, 1, 41.2
2901, 1, 41.2
2902, 258, 38.8
2903, -1, 17.7
2904, 1, 41.4
2905, 258, 39.3
2906, 258, 39.2
2907, 92, 43.4
2908, 1, 40.1
2909, 1, 39.8
2910, 0, 37.6
2911, -262, 35.4
2912, 1, 43.1
2913, 0, 35.8
2914, 0, 36.6
2915, 1, 43.5
2916, 0, 34.8
2917, 0, 34.9
2918, 0, 36.9
2919, 258, 39.5
2920, -148, 34.0
2921, 44, 45.9
2922, -129, 28.9
2923, 0, 33.5
2924, 1, 47.3
2925, 0, 36.7
2926, 258, 39.3
2927, 258, 39.4
2928, 1, 41.9
2929, 1, 41.7
2930, 92, 40.1
2931, 258, 38.6
2932, 1, 47.2
2933, 258, 38.8
2934, 0, 37.6
2935, 258, 38.0
2936, 0, 37.6
2937, 0, 34.6
2938, -91, 33.6
2939, 0, 36.9
2940, -66, 30.5
2941, 0, 37.3
2942, 258, 39.4
2943, 258, 38.7
2944, 0, 35.8
2945, 92, 40.3
2946, 0, 36.4
2947, 92, 42.3
2948, -11, 33.3
2949, 1, 43.7
2950, 0, 39.2
2951, 258, 39.4
2952, 92, 40.5
2953, 258, 42.0
2954, -44, 25.6
2955, 258, 40.0
2956, 1, 48.3
2957, 1, 42.1
2958, 258, 39.0
2959, 258, 39.4
2960, -2, 30.2
2961, 258, 38.4
2962, 258, 39.0
2963, 1, 41.7
2964, -66, 28.8
2965, 0, 32.8
2966, 258, 38.3
2967, 0, 34.2
2968, 1, 41.0
2969, 1, 44.9
2970, 0, 38.2
2971, 0, 33.1
2972, 258, 40.1
2973, 1, 42.1
2974, 1, 40.7
2975, 1, 41.5
2976, -1, 32.0
2977, 1, 39.8
2978, 1, 42.1
2979, 0, 36.2
2980, 0, 35.7
2981, 0, 34.3
2982, 0, 37.7
2983, 0, 34.2
2984, 92, 41.2
2985, 92, 45.5
2986, 1, 43.3
2987, 258, 37.9
2988, 0, 35.5
2989, 1, 42.6
2990, 258, 38.4
2991, 0, 37.3
2992, 1, 40.7
2993, 258, 39.5
2994, 0, 36.3
2995, 92, 45.5
2996, 1, 45.3
2997, 1, 42.4
2998, 0, 36.5
2999, 0, 35.1
3000, 92, 40.5
3001, 1, 41.0
3002, -7, 33.6
3003, 44, 41.2
3004, 258, 39.6
3005, 0, 34.2
3006, 0, 36.3
3007, -7, 28.3
3008, 0, 34.3
3009, -44, 33.2
3010, 0, 37.0
3011, 0, 37.8
3012, 1, 44.7
3013, 0, 34.9
3014, 0, 36.2
3015, 1, 42.5
3016, 92, 43.1
3017, 0, 38.0
3018, 258, 38.4
3019, 1, 41.5
3020, 1, 41.8
3021, 1, 44.6
3022, 1, 40.4
3023, 1, 41.3
3024, 92, 44.8
3025, 0, 35.0
3026, 0, 36.0
3027, 258, 38.4
3028, 0, 38.7
3029, 1, 40.2
3030, 0, 40.4
3031, 1, 41.5
3032, 258, 38.7
3033, 92, 39.7
3034, 92, 40.6
3035, 0, 34.2
3036, 0, 36.2
3037, 0, 34.1
3038, 258, 41.1
3039, 1, 43.0
3040, 1, 41.5
3041, 258, 39.4
3042, 1, 41.9
3043, 258, 39.3
3044, 1, 44.4
3045, 258, 39.3
3046, 1, 44.6
3047, 0, 37.6
3048, 0, 35.6
3049, 0, 38.0
3050, 258, 42.8
3051, 0, 37.7
3052, 92, 42.1
3053, 0, 30.9
3054, 92, 39.8
3055, 258, 38.3
3056, 0, 36.5
3057, 1, 41.8
3058, 1, 42.5
3059, 1, 41.6
3060, 258, 39.4
3061, 258, 41.0
3062, -262, 34.9
3063, 258, 40.0
3064, 0, 36.4
3065, 0, 37.1
3066, 0, 37.3
3067, -159, 30.1
3068, 0, 35.2
3069, 1, 41.0
3070, 1, 41.9
3071, 258, 38.2
3072, 1, 48.4
3073, 0, 32.7
3074, 1, 40.0
3075, 1, 42.1
3076, 0, 36.4
3077, 258, 40.2
3078, 0, 35.1
3079, 1, 44.5
3080, 92, 41.0
3081, 0, 35.0
3082, 0, 37.7
3083, 258, 40.9
3084, -7, 33.0
3085, 1, 39.7
3086, 0, 35.2
3087, 92, 39.8
3088, 92, 40.3
3089, 1, 39.8
3090, -2, 26.7
3091, -129, 35.1
3092, 0, 32.3
3093, 1, 39.7
3094, -262, 34.0
3095, 1, 40.7
3096, -7, 25.6
3097, -269, 35.1
3098, 1, 41.5
3099, 92, 40.3
3100, 258, 38.1
3101, 1, 42.6
3102, 0, 39.2
3103, 258, 39.3
3104, 258, 44.3
3105, 258, 38.1
3106, 258, 40.1
3107, 1, 45.4
3108, 0, 37.3
3109, 0, 37.1